Time (Year)	2011	2012	2013	2014	2015	2016	2017	2018	2019	2020	2021	2022	2023	2024	2025	2026	2027	2028	2029	2030	2031	2032	2033	2034	2035	2036	2037	2038	2039	2040	2041	2042	2043	2044	2045	2046	2047	2048	2049	2050	2051	2052	2053	2054	2055	
Selected Variables Runs:	Scenario stochastic	
debt to gdp ratio	
[CS1]	.08906	.08719	.09121	.09481	.09851	.09679	.1011	.1025	.1032	.102	.1049	.1091	.1109	.1098	.1085	.1085	.1107	.1143	.1178	.1211	.1132	.1208	.1276	.136	.1457	.1512	.1563	.1712	.1777	.1766	.1853	.1932	.1958	.2013	.2007	.2063	.2257	.2267	.2283	.2574	.2613	.2659	.2711	.282	.3123	
debt to gdp ratio[CS2]	.08906	.08904	.08756	.09483	.09865	.1103	.1193	.1235	.1269	.1407	.1477	.151	.1554	.1615	.1748	.1914	.2099	.2273	.2343	.2444	.2516	.2666	.2814	.2865	.2788	.2845	.2944	.3013	.3191	.336	.3439	.3377	.3509	.385	.402	.4334	.4811	.5201	.5813	.6479	.6938	.7405	.7845	.8342	.8537	
debt to gdp ratio[CS3]	.08906	.09361	.09751	.09857	.1052	.1108	.1149	.1183	.1233	.1283	.1363	.14	.1565	.1562	.1557	.1525	.164	.1765	.1891	.1921	.1992	.2074	.2142	.22	.2356	.242	.2666	.2737	.2963	.3277	.3404	.3373	.3524	.3749	.4119	.4264	.4725	.5313	.5731	.6313	.7022	.7561	.7683	.8245	.9384	
debt to gdp ratio[CS4]	.08906	.09134	.09695	.11	.1229	.1373	.1538	.1618	.1765	.2083	.2396	.2762	.2778	.3017	.3101	.3406	.3772	.4201	.4138	.4295	.5145	.5949	.6771	.7771	.8549	.9292	1.04	1.16	1.28	1.372	1.517	1.673	1.8	1.884	1.954	1.978	2.226	2.362	2.491	2.759	2.919	2.903	3.071	3.332	3.729	
gdp	
[CS1]	8946	9732	9784	9901	10,010	10,690	10,780	11,200	11,740	12,530	12,920	13,170	13,770	14,760	15,900	16,970	17,770	18,420	19,110	19,890	22,740	22,830	23,200	23,330	23,350	24,170	25,110	24,670	25,540	27,620	28,290	29,180	30,970	32,400	34,930	36,570	35,970	38,510	41,100	39,260	41,600	43,960	46,390	48,020	46,700	
gdp[CS2]	8946	9541	10,190	9887	9996	9411	9174	9340	9588	9170	9259	9612	9934	10,190	10,060	9833	9612	9518	9891	10,160	10,610	10,760	10,970	11,570	12,780	13,490	14,060	14,810	15,070	15,420	16,220	17,790	18,450	18,130	18,690	18,670	18,110	18,020	17,350	16,750	16,820	16,950	17,230	17,450	18,360	
gdp[CS3]	8946	9072	9185	9532	9393	9380	9531	9768	9890	10,060	10,050	10,380	9894	10,560	11,280	12,310	12,280	12,250	12,250	12,930	13,390	13,810	14,370	15,030	15,080	15,810	15,460	16,210	16,130	15,710	16,280	17,680	18,230	18,480	18,120	18,840	18,320	17,540	17,500	17,100	16,540	16,530	17,510	17,590	16,650	
gdp[CS4]	8946	9298	9228	8567	8067	7607	7157	7173	6949	6241	5750	5299	5595	5489	5701	5565	5388	5188	5638	5830	5234	4857	4572	4264	4147	4092	3924	3771	3663	3664	3554	3455	3443	3526	3647	3870	3695	3735	3800	3680	3729	4023	4085	4044	3877	
X	
[CS1]	3084	3361	3323	3500	3572	3977	3964	4215	4629	5014	5206	5271	5682	6227	6789	7333	7627	7950	8306	8810	10,660	10,050	10,480	10,530	10,720	11,410	11,920	11,730	12,480	14,050	14,170	14,700	16,190	16,940	18,670	19,790	19,210	21,420	22,750	21,480	24,000	25,400	27,110	28,170	26,850	
X[CS2]	3084	3293	3607	3374	3581	3204	3286	3463	3574	3433	3612	3764	3976	4145	4045	3984	3859	3919	4167	4272	4656	4676	4856	5284	5998	6407	6749	7151	7274	7649	8163	9336	9421	9227	9924	9879	9523	9804	9314	9052	9485	9669	9984	10,200	11,060	
X[CS3]	3084	2909	3159	3353	3275	3332	3508	3741	3736	3896	3974	4127	3793	4391	4704	5288	5140	5173	5065	5696	5974	6142	6553	6962	6690	7486	7022	7869	7631	7525	8028	9162	9173	9553	9363	10,060	9481	9260	9505	9193	9159	9480	10,250	10,090	9522	
X[CS4]	3084	3081	3093	2816	2680	2574	2454	2601	2476	2185	1932	1838	2190	2013	2086	2078	1961	1988	2268	2342	1922	1794	1681	1594	1524	1546	1485	1430	1423	1439	1326	1355	1377	1496	1610	1777	1623	1701	1789	1637	1801	2059	2123	2028	1927	
